0 6
1 15
2 20
3 21
4 24
5 30
6 34
7 45
8 54
9 56
10 60
11 65
12 70
13 78
14 80
15 84
16 96
17 110
18 120
19 126
20 135
21 136
22 150
23 154
24 156
25 175
26 180
27 189
28 190
29 198
30 210
31 216
32 224
33 231
34 240
35 255
36 260
37 270
38 280
39 286
40 291
41 294
42 306
43 312
44 320
45 330
46 336
47 369
48 375
49 384
50 390
51 405
52 429
53 440
54 444
55 462
56 465
57 470
58 480
59 486
60 500
61 504
62 525
63 540
64 544
65 546
66 552
67 561
68 580
69 585
70 600
71 602
72 609
73 616
74 624
75 630
76 646
77 671
78 700
79 702
80 720
81 726
82 735
83 741
84 750
85 756
86 759
87 760
88 792
89 798
90 805
91 840
92 850
93 864
94 884
95 889
96 896
97 924
98 960
99 966
100 975
101 980
102 990
103 1008
104 1014
105 1020
106 1029
107 1040
108 1080
109 1086
110 1105
111 1113
112 1120
113 1122
114 1125
115 1131
116 1134
117 1144
118 1154
119 1155
120 1164
121 1176
122 1190
123 1215
124 1224
125 1230
126 1242
127 1248
128 1254
129 1280
130 1295
131 1320
132 1326
133 1330
134 1344
135 1350
136 1386
137 1400
138 1404
139 1406
140 1419
141 1428
142 1443
143 1449
144 1470
145 1476
146 1482
147 1484
148 1485
149 1500
150 1536
151 1560
152 1566
153 1575
154 1595
155 1610
156 1620
157 1625
158 1640
159 1666
160 1695
161 1701
162 1710
163 1716
164 1734
165 1750
166 1760
167 1770
168 1776
169 1782
170 1785
171 1794
172 1815
173 1848
174 1860
175 1880
176 1886
177 1890
178 1920
179 1944
180 1950
181 1989
182 1995
183 2000
184 2016
185 2020
186 2046
187 2079
188 2100
189 2139
190 2145
191 2160
192 2166
193 2176
194 2184
195 2189
196 2205
197 2208
198 2244
199 2256
200 2295
201 2310
202 2320
203 2340
204 2385
205 2400
206 2408
207 2418
208 2420
209 2430
210 2436
211 2464
212 2465
213 2485
214 2496
215 2520
216 2530
217 2535
218 2541
219 2550
220 2574
221 2576
222 2584
223 2604
224 2619
225 2640
226 2646
227 2684
228 2701
229 2730
230 2744
231 2750
232 2754
233 2800
234 2808
235 2880
236 2904
237 2910
238 2940
239 2964
240 2970
241 2990
242 3000
243 3024
244 3036
245 3040
246 3060
247 3090
248 3094
249 3102
250 3135
251 3150
252 3168
253 3174
254 3185
255 3192
256 3220
257 3230
258 3321
259 3360
260 3375
261 3380
262 3400
263 3430
264 3439
265 3450
266 3456
267 3471
268 3480
269 3486
270 3504
271 3510
272 3534
273 3536
274 3549
275 3556
276 3570
277 3584
278 3612
279 3630
280 3640
281 3645
282 3660
283 3696
284 3705
285 3750
286 3822
287 3828
288 3840
289 3850
290 3861
291 3864
292 3885
293 3900
294 3906
295 3920
296 3939
297 3960
298 3990
299 3996
300 4015
301 4030
302 4032
303 4053
304 4056
305 4080
306 4095
307 4114
308 4116
309 4134
310 4154
311 4158
312 4160
313 4185
314 4218
315 4230
316 4290
317 4305
318 4320
319 4334
320 4335
321 4344
322 4350
323 4374
324 4375
325 4420
326 4452
327 4466
328 4480
329 4488
330 4500
331 4524
332 4536
333 4576
334 4587
335 4616
336 4620
337 4634
338 4641
339 4656
340 4674
341 4704
342 4725
343 4750
344 4760
345 4794
346 4830
347 4838
348 4860
349 4895
350 4896
351 4914
352 4920
353 4921
354 4935
355 4950
356 4968
357 4992
358 4998
359 5016
360 5037
361 5046
362 5049
363 5070
364 5115
365 5120
366 5180
367 5214
368 5220
369 5226
370 5244
371 5250
372 5265
373 5280
374 5304
375 5320
376 5376
377 5390
378 5394
379 5400
380 5406
381 5415
382 5418
383 5445
384 5460
385 5481
386 5500
387 5510
388 5516
389 5544
390 5566
391 5600
392 5610
393 5616
394 5624
395 5670
396 5676
397 5712
398 5746
399 5766
400 5772
401 5775
402 5780
403 5796
404 5814
405 5852
406 5865
407 5880
408 5904
409 5928
410 5934
411 5936
412 5940
413 6000
414 6006
415 6039
416 6069
417 6086
418 6090
419 6095
420 6144
421 6174
422 6240
423 6264
424 6270
425 6279
426 6286
427 6300
428 6305
429 6318
430 6320
431 6355
432 6375
433 6380
434 6440
435 6480
436 6486
437 6500
438 6534
439 6540
440 6545
441 6555
442 6560
443 6615
444 6630
445 6664
446 6669
447 6726
448 6750
449 6762
450 6771
451 6776
452 6780
453 6804
454 6806
455 6820
456 6831
457 6840
458 6864
459 6882
460 6909
461 6936
462 6944
463 6984
464 7000
465 7040
466 7080
467 7104
468 7120
469 7128
470 7140
471 7150
472 7176
473 7182
474 7210
475 7220
476 7230
477 7245
478 7254
479 7260
480 7275
481 7350
482 7380
483 7392
484 7395
485 7440
486 7520
487 7544
488 7546
489 7560
490 7581
491 7590
492 7599
493 7605
494 7644
495 7650
496 7680
497 7776
498 7800
499 7825
500 7854
501 7865
502 7935
503 7956
504 7980
505 8000
506 8001
507 8010
508 8064
509 8080
510 8122
511 8160
512 8170
513 8184
514 8214
515 8224
516 8250
517 8316
518 8385
519 8400
520 8430
521 8437
522 8470
523 8556
524 8575
525 8580
526 8607
527 8640
528 8664
529 8670
530 8694
531 8704
532 8729
533 8736
534 8756
535 8775
536 8820
537 8832
538 8845
539 8866
540 8910
541 8925
542 8931
543 8970
544 8976
545 8996
546 9024
547 9072
548 9118
549 9126
550 9180
551 9225
552 9240
553 9261
554 9280
555 9310
556 9360
557 9375
558 9430
559 9435
560 9438
561 9460
562 9464
563 9540
564 9546
565 9600
566 9632
567 9672
568 9680
569 9690
570 9702
571 9720
572 9744
573 9750
574 9774
575 9826
576 9855
577 9856
578 9860
579 9919
580 9940
581 9945
582 9984
583 9990
584 9999
585 10005
586 10010
587 10017
588 10045
589 10074
590 10080
591 10086
592 10098
593 10101
594 10120
595 10125
596 10140
597 10164
598 10179
599 10200
600 10206
601 10290
602 10296
603 10302
604 10304
605 10336
606 10355
607 10366
608 10374
609 10385
610 10386
611 10395
612 10416
613 10434
614 10476
615 10545
616 10560
617 10580
618 10584
619 10614
620 10626
621 10710
622 10725
623 10736
624 10764
625 10804
626 10810
627 10824
628 10830
629 10920
630 10935
631 10950
632 10974
633 10976
634 10985
635 11000
636 11016
637 11070
638 11074
639 11094
640 11100
641 11109
642 11160
643 11178
644 11200
645 11232
646 11286
647 11310
648 11319
649 11330
650 11396
651 11520
652 11550
653 11571
654 11616
655 11625
656 11640
657 11655
658 11700
659 11750
660 11760
661 11799
662 11830
663 11856
664 11880
665 11914
666 11934
667 11960
668 11970
669 12000
670 12056
671 12084
672 12096
673 12144
674 12150
675 12160
676 12166
677 12209
678 12240
679 12261
680 12274
681 12285
682 12360
683 12369
684 12376
685 12408
686 12474
687 12495
688 12500
689 12540
690 12600
691 12615
692 12636
693 12654
694 12656
695 12672
696 12696
697 12740
698 12768
699 12771
700 12852
701 12880
702 12920
703 12925
704 12987
705 12994
706 13005
707 13020
708 13041
709 13110
710 13114
711 13125
712 13158
713 13182
714 13195
715 13230
716 13254
717 13284
718 13310
719 13338
720 13345
721 13356
722 13365
723 13366
724 13395
725 13440
726 13500
727 13520
728 13566
729 13600
730 13650
731 13720
732 13740
733 13746
734 13756
735 13800
736 13824
737 13884
738 13920
739 13944
740 14014
741 14016
742 14025
743 14040
744 14070
745 14094
746 14110
747 14136
748 14144
749 14154
750 14168
751 14175
752 14190
753 14196
754 14224
755 14259
756 14280
757 14336
758 14355
759 14385
760 14406
761 14415
762 14421
763 14445
764 14448
765 14490
766 14500
767 14520
768 14560
769 14580
770 14610
771 14625
772 14640
773 14651
774 14679
775 14760
776 14784
777 14820
778 14835
779 14911
780 14915
781 14946
782 14994
783 15000
784 15006
785 15015
786 15050
787 15126
788 15190
789 15225
790 15246
791 15255
792 15288
793 15309
794 15312
795 15345
796 15360
797 15390
798 15400
799 15444
800 15456
801 15470
802 15540
803 15600
804 15606
805 15624
806 15680
807 15738
808 15750
809 15756
810 15770
811 15785
812 15834
813 15840
814 15870
815 15878
816 15930
817 15960
818 15984
819 15990
820 16038
821 16040
822 16060
823 16065
824 16107
825 16120
826 16128
827 16146
828 16150
829 16170
830 16184
831 16206
832 16212
833 16224
834 16245
835 16275
836 16320
837 16335
838 16380
839 16400
840 16456
841 16464
842 16530
843 16536
844 16616
845 16632
846 16640
847 16740
848 16775
849 16820
850 16827
851 16854
852 16872
853 16920
854 16965
855 16974
856 17010
857 17094
858 17119
859 17160
860 17202
861 17220
862 17280
863 17290
864 17336
865 17340
866 17376
867 17400
868 17490
869 17496
870 17500
871 17550
872 17556
873 17570
874 17630
875 17641
876 17661
877 17680
878 17710
879 17724
880 17760
881 17765
882 17808
883 17864
884 17901
885 17920
886 17952
887 17955
888 17958
889 17985
890 17986
891 18000
892 18054
893 18081
894 18096
895 18144
896 18150
897 18180
898 18270
899 18304
900 18335
901 18348
902 18354
903 18375
904 18414
905 18464
906 18480
907 18525
908 18536
909 18561
910 18564
911 18590
912 18612
913 18624
914 18634
915 18676
916 18696
917 18711
918 18750
919 18785
920 18816
921 18870
922 18876
923 18900
924 18914
925 18975
926 19000
927 19006
928 19040
929 19046
930 19110
931 19176
932 19195
933 19206
934 19220
935 19240
936 19251
937 19305
938 19320
939 19352
940 19430
941 19437
942 19440
943 19461
944 19494
945 19530
946 19580
947 19584
948 19610
949 19646
950 19656
951 19680
952 19684
953 19701
954 19740
955 19800
956 19845
957 19866
958 19872
959 19924
960 19950
961 19968
962 19992
963 19995
964 20064
965 20111
966 20125
967 20130
968 20148
969 20181
970 20184
971 20196
972 20210
973 20216
974 20230
975 20280
976 20301
977 20304
978 20306
979 20314
980 20350
981 20355
982 20405
983 20460
984 20480
985 20535
986 20566
987 20655
988 20720
989 20724
990 20735
991 20774
992 20790
993 20856
994 20860
995 20874
996 20880
997 20886
998 20904
999 20930
1000 20976
1001 21000
1002 21021
1003 21060
1004 21120
1005 21170
1006 21175
1007 21216
1008 21250
1009 21280
1010 21285
1011 21294
1012 21340
1013 21390
1014 21414
1015 21455
1016 21465
1017 21504
1018 21560
1019 21576
1020 21600
1021 21624
1022 21660
1023 21672
1024 21714
1025 21756
1026 21762
1027 21780
1028 21840
1029 21855
1030 21870
1031 21896
1032 21924
1033 22000
1034 22040
1035 22064
1036 22070
1037 22100
1038 22134
1039 22176
1040 22185
1041 22225
1042 22230
1043 22264
1044 22326
1045 22365
1046 22386
1047 22400
1048 22440
1049 22464
1050 22484
1051 22496
1052 22542
1053 22638
1054 22680
1055 22704
1056 22770
1057 22785
1058 22815
1059 22848
1060 22866
1061 22869
1062 22875
1063 22878
1064 22950
1065 22984
1066 22990
1067 23010
1068 23030
1069 23064
1070 23088
1071 23100
1072 23120
1073 23166
1074 23184
1075 23206
1076 23256
1077 23408
1078 23436
1079 23460
1080 23465
1081 23520
1082 23571
1083 23616
1084 23712
1085 23736
1086 23744
1087 23760
1088 23775
1089 23779
1090 23805
1091 23814
1092 23874
1093 23925
1094 23958
1095 23970
1096 24000
1097 24024
1098 24150
1099 24156
1100 24276
1101 24282
1102 24309
1103 24344
1104 24354
1105 24360
1106 24375
1107 24380
1108 24465
1109 24486
1110 24500
1111 24510
1112 24570
1113 24576
1114 24696
1115 24750
1116 24786
1117 24909
1118 24960
1119 24990
1120 25004
1121 25056
1122 25080
1123 25116
1124 25144
1125 25194
1126 25200
1127 25215
1128 25220
1129 25230
1130 25234
1131 25270
1132 25272
1133 25280
1134 25345
1135 25350
1136 25410
1137 25420
1138 25440
1139 25500
1140 25520
1141 25530
1142 25536
1143 25555
1144 25725
1145 25760
1146 25806
1147 25920
1148 25944
1149 25991
1150 26000
1151 26026
1152 26130
1153 26136
1154 26160
1155 26180
1156 26190
1157 26220
1158 26240
1159 26331
1160 26364
1161 26460
1162 26473
1163 26474
1164 26520
1165 26565
1166 26656
1167 26676
1168 26730
1169 26754
1170 26904
1171 26910
1172 26934
1173 26950
1174 26970
1175 26980
1176 27000
1177 27006
1178 27027
1179 27048
1180 27084
1181 27104
1182 27120
1183 27150
1184 27216
1185 27224
1186 27234
1187 27265
1188 27280
1189 27324
1190 27354
1191 27360
1192 27380
1193 27456
1194 27489
1195 27528
1196 27540
1197 27555
1198 27606
1199 27625
1200 27636
1201 27671
1202 27696
1203 27735
1204 27740
1205 27744
1206 27776
1207 27789
1208 27810
1209 27813
1210 27825
1211 27846
1212 27918
1213 27936
1214 27951
1215 27966
1216 27972
1217 28000
1218 28050
1219 28056
1220 28125
1221 28158
1222 28160
1223 28215
1224 28275
1225 28305
1226 28320
1227 28329
1228 28350
1229 28416
1230 28420
1231 28480
1232 28512
1233 28545
1234 28560
1235 28566
1236 28594
1237 28600
1238 28634
1239 28665
1240 28704
1241 28728
1242 28749
1243 28806
1244 28815
1245 28830
1246 28840
1247 28850
1248 28875
1249 28880
1250 28920
1251 28938
1252 28980
1253 29016
1254 29040
1255 29070
1256 29100
1257 29120
1258 29154
1259 29274
1260 29295
1261 29370
1262 29400
1263 29450
1264 29498
1265 29520
1266 29568
1267 29575
1268 29580
1269 29610
1270 29624
1271 29640
1272 29646
1273 29679
1274 29750
1275 29760
1276 29841
1277 29889
1278 29973
1279 29986
1280 30030
1281 30080
1282 30160
1283 30176
1284 30184
1285 30240
1286 30246
1287 30260
1288 30324
1289 30340
1290 30360
1291 30375
1292 30396
1293 30420
1294 30570
1295 30576
1296 30600
1297 30720
1298 30750
1299 30805
1300 30810
1301 30855
1302 30870
1303 30940
1304 30951
1305 31050
1306 31098
1307 31104
1308 31122
1309 31200
1310 31239
1311 31270
1312 31300
1313 31320
1314 31350
1315 31374
1316 31416
1317 31460
1318 31518
1319 31536
1320 31590
1321 31595
1322 31654
1323 31740
1324 31746
1325 31790
1326 31806
1327 31824
1328 31855
1329 31920
1330 31941
1331 31974
1332 31980
1333 31995
1334 32000
1335 32004
1336 32040
1337 32110
1338 32130
1339 32154
1340 32256
1341 32320
1342 32375
1343 32424
1344 32488
1345 32508
1346 32550
1347 32560
1348 32580
1349 32606
1350 32640
1351 32670
1352 32674
1353 32680
1354 32736
1355 32745
1356 32754
1357 32760
1358 32766
1359 32805
1360 32856
1361 32879
1362 32896
1363 32929
1364 32940
1365 33000
1366 33078
1367 33117
1368 33135
1369 33150
1370 33170
1371 33210
1372 33250
1373 33264
1374 33306
1375 33345
1376 33366
1377 33462
1378 33540
1379 33600
1380 33620
1381 33720
1382 33726
1383 33748
1384 33750
1385 33880
1386 33915
1387 34026
1388 34099
1389 34185
1390 34224
1391 34300
1392 34314
1393 34320
1394 34365
1395 34385
1396 34398
1397 34428
1398 34452
1399 34481
1400 34510
1401 34560
1402 34606
1403 34650
1404 34656
1405 34680
1406 34684
1407 34706
1408 34749
1409 34776
1410 34816
1411 34827
1412 34881
1413 34916
1414 34944
1415 34965
1416 34974
1417 34989
1418 35000
1419 35024
1420 35100
1421 35139
1422 35150
1423 35154
1424 35204
1425 35211
1426 35280
1427 35301
1428 35328
1429 35380
1430 35394
1431 35409
1432 35451
1433 35464
1434 35475
1435 35490
1436 35574
1437 35640
1438 35670
1439 35700
1440 35724
1441 35880
1442 35904
1443 35910
1444 35964
1445 35970
1446 35984
1447 36015
1448 36075
1449 36096
1450 36120
1451 36135
1452 36146
1453 36186
1454 36225
1455 36270
1456 36285
1457 36288
1458 36309
1459 36366
1460 36414
1461 36472
1462 36477
1463 36498
1464 36504
1465 36550
1466 36686
1467 36720
1468 36750
1469 36855
1470 36890
1471 36900
1472 36960
1473 36975
1474 36980
1475 37009
1476 37011
1477 37026
1478 37030
1479 37044
1480 37050
1481 37100
1482 37120
1483 37125
1484 37191
1485 37206
1486 37240
1487 37264
1488 37380
1489 37386
1490 37392
1491 37422
1492 37440
1493 37446
1494 37500
