
The GNP form
  n= b*(some integer square)
  If g^2 = n^2 - p^4 then b is CN.
  C[n] point P( -p*p, p*g).

   b             g             n         p
----     ---------     ---------     -----   
   5             3             5         2
C[5]:P(-4, 6) Ok
   6            42           150        12
C[150]:P(-144, 504) Ok
   7           168           175         7
C[175]:P(-49, 1176) Ok
  13           323           325         6
C[325]:P(-36, 1938) Ok
  14         51982         59150       168
C[59150]:P(-28224, 8732976) Ok
  15            12            15         3
C[15]:P(-9, 36) Ok
  20            12            20         4
C[20]:P(-16, 48) Ok
  21         11067         13125        84
C[13125]:P(-7056, 929628) Ok
  22     528004378     528435622      4620
C[528435622]:P(-21344400, 2439380226360) Ok
  23        954408        966575       391
C[966575]:P(-152881, 373173528) Ok
  24           168           600        24
C[600]:P(-576, 4032) Ok
  28           672           700        14
C[700]:P(-196, 9408) Ok
  29            99          4901        70
C[4901]:P(-4900, 6930) Ok
  30          3570          5070        60
C[5070]:P(-3600, 214200) Ok
  31         22320         52111       217
C[52111]:P(-47089, 4843440) Ok
  34            30            34         4
C[34]:P(-16, 120) Ok
  37        777923        777925        42
C[777925]:P(-1764, 32672766) Ok
  39            15            39         6
C[39]:P(-36, 90) Ok
  41            40            41         3
C[41]:P(-9, 120) Ok
  45            27            45         6
C[45]:P(-36, 162) Ok
  46    1933934162    2646482350     42504
C[2646482350]:P(-1806590016, 82199937621648) Ok
  47     542719152     791998175     24017
C[791998175]:P(-576816289, 13034485873584) Ok
  52          1292          1300        12
C[1300]:P(-144, 15504) Ok
  53    1472112483    1873180325     34034
C[1873180325]:P(-1158313156, 50101876246422) Ok
  54           378          1350        36
C[1350]:P(-1296, 13608) Ok
  55          1287          1375        22
C[1375]:P(-484, 28314) Ok
  56        207928        236600       336
C[236600]:P(-112896, 69863808) Ok
  60            48            60         6
C[60]:P(-36, 288) Ok
  61       6428003      12079525      3198
C[12079525]:P(-10227204, 20556753594) Ok
  63          1512          1575        21
C[1575]:P(-441, 31752) Ok
  65            63            65         4
C[65]:P(-16, 252) Ok
  65            60            65         5
C[65]:P(-25, 300) Ok
  70         86870        196630       420
C[196630]:P(-176400, 36485400) Ok
  71         93720        264191       497
C[264191]:P(-247009, 46578840) Ok
  78      35327838      35749662      2340
C[35749662]:P(-5475600, 82667140920) Ok
  80            48            80         8
C[80]:P(-64, 384) Ok
  84         44268         52500       168
C[52500]:P(-28224, 7437024) Ok
  85            77            85         6
C[85]:P(-36, 462) Ok
  87         10452         54375       231
C[54375]:P(-53361, 2414412) Ok
  88    2112017512    2113742488      9240
C[2113742488]:P(-85377600, 19515041810880) Ok
  92       3817632       3866300       782
C[3866300]:P(-611524, 2985388224) Ok
  95         27417         27455        38
C[27455]:P(-1444, 1041846) Ok
  96           672          2400        48
C[2400]:P(-2304, 32256) Ok
-------


   b             g             n         p
----     ---------     ---------     -----   
   5             3             5         2
   6            42           150        12
   7           168           175         7
  13           323           325         6
  14         51982         59150       168
  15            12            15         3
  20            12            20         4
  21         11067         13125        84
  22     528004378     528435622      4620
  23        954408        966575       391
  24           168           600        24
  28           672           700        14
  29            99          4901        70
  30          3570          5070        60
  31         22320         52111       217
  34            30            34         4
  37        777923        777925        42
  39            15            39         6
  41            40            41         3
  45            27            45         6
  46    1933934162    2646482350     42504
  47     542719152     791998175     24017
  52          1292          1300        12
  53    1472112483    1873180325     34034
  54           378          1350        36
  55          1287          1375        22
  56        207928        236600       336
  60            48            60         6
  61       6428003      12079525      3198
  63          1512          1575        21
  65            63            65         4
  65            60            65         5
  70         86870        196630       420
  71         93720        264191       497
  78      35327838      35749662      2340
  80            48            80         8
  84         44268         52500       168
  85            77            85         6
  87         10452         54375       231
  88    2112017512    2113742488      9240
  92       3817632       3866300       782
  95         27417         27455        38
  96           672          2400        48
 102     635970102     638010102      7140
 109          2077          2725        42
 110       1034110       1122110       660
 111           105           111         6
 112          2688          2800        28
 116           396         19604       140
 117          2907          2925        18
 119         14280         20111       119
 120         14280         20280       120
 124         89280        208444       434
 125            75           125        10
 126        467838        532350       504
 135           108           135         9
 136           120           136         8
 137          1377          3425        56
 138      45308298      45944202      2760
 141     746537613     749136525      7896
 143        300828       1132703      1045
 145           105           145        10
 145            17           145        12
 148       3111692       3111700        84
 149         73917         93125       238
 150            42           150        12
 151      19406520      22849471      3473
 154        713482       1112650       924
 156            60           156        12
 159        116844        133719       255
 161         38640         46529       161
 164           160           164         6
 165      17437035      23451285      3960
 174      89429214      93488286      5220
 175           168           175         7
 180           108           180        12
 183      53543127      53560623      1170
 189         99603        118125       252
 190       6087410       6224590      1140
 194           130           194        12
 205     800828605     853964605     17220
 207       8589672       8699175      1173
 208          5168          5200        24
 210          8610        176610       420
 215        101308        180815       387
 216          1512          5400        72
 219           165           219        12
 220          5148          5500        44
 221       2783053       7563725      2652
 224        831712        946400       672
 226         48930         65314       208
 231        472857        975975       924
 239       6825840       6826079       239
 240           192           240        12
 244      25712012      48318100      6396
 245           147           245        14
 247    1339509348    1339787527      5225
 252          6048          6300        42
 255           120           255        15
 257       8178768       8795825      1799
 260           252           260         8
 260           240           260        10
 261           891         44109       210
 265           140           265        15
 270         32130         45630       180
 279        200880        468999       651
 280        347480        786520       840
 284        374880       1056764       994
 286       3361358       4468750      1716
 291         49125         49179        48
 294          2058          7350        84
 295      53666223      55309255      3658
 299         46805         50531       138
 306           270           306        12
 310     554577910     875985910     26040
 312     141311352     142998648      4680
 313           312           313         5
 319         53900         53911        33
 320           192           320        16
 323          5643          8075        76
 325           323           325         6
 330       1148070       1227930       660
 333       7001307       7001325       126
 335     985696228     987609815      7839
 336        177072        210000       336
 340           308           340        12
 343          8232          8575        49
 348         41808        217500       462
 350         51982         59150       168
 351           135           351        18
 353           272           353        15
 357      54407157      74559093      7140
 368      15270528      15465200      1564
 369           360           369         9
 371           315           371        14
 375           300           375        15
 380        109668        109820        76
 384          2688          9600        96
 386       1637090       2056994      1116
 390       1902810       3089190      1560
 391     248253720     248366719      2737
 395        815517       3128795      1738
 405           243           405        18
 408    2543880408    2552040408     14280
 410            90           410        20
 429       8525517       9019725      1716
 434    1706612558    1710057650     10416
 436          8308         10900        84
 440       4136440       4488440      1320
 442          2262         11050       104
 444           420           444        12
 445           195           445        20
 447    2892459612    2895230175     11253
 448         10752         11200        56
 455           112           455        21
 457      47173368      48270625      3199
 462      41228418      46425918      4620
 464          1584         78416       280
 465         10788         78585       279
 468         11628         11700        36
 470    2268540070    2301763430     19740
 471     422765895     424183071      5886
 476         57120         80444       238
 480         57120         81120       240
 486          3402         12150       108
 495         11583         12375        66
 496        357120        833776       868
 500           300           500        20
 504       1871352       2129400      1008
 505           495           505        10
 509         81021         86021       170
 510     328194690     879224190     28560
 514           510           514         8
 517     389487637    1038078613     31020
 525         11067         13125        84
 527        177072        329375       527
 535      27819572      29044615      2889
 540           432           540        18
 544           480           544        16
 546       3760302       3944850      1092
 548          5508         13700       112
 549      57852027     108715725      9594
 551       2380700       2936279      1311
 552     181233192     183776808      5520
 559       4652815      56173351      7482
 561         10032         14025        99
 564    2986150452    2996546100     15792
 565        897277        949765       558
 567         13608         14175        63
 572       1203312       4530812      2090
 575        954408        966575       391
 580           420           580        20
 580            68           580        24
 585           567           585        12
 585           540           585        15
 591       1526916       6028791      2415
 592      12446768      12446800       168
 596        295668        372500       476
 600           168           600        24
 602     433078198     542161802     18060
 604      77626080      91397884      6946
 605           363           605        22
 609           420           609        21
 615        102828        103935       123
 616       2853928       4450600      1848
 624           240           624        24
 629           621           629        10
 630        781830       1769670      1260
 636        467376        534876       510
 637         15827         15925        42
 639        843480       2377719      1491
 644        154560        186116       322
 646      66559318      68233750      3876
 651     372633051     409380699     13020
 656           640           656        12
 660      69748140      93805140      7920
 663         12903         16575       102
 671           660           671        11
 674           350           674        24
 686       2547118       2898350      1176
 687      22473057      22506807      1110
 689           561           689        20
 696     357716856     373953144     10440
 700           672           700        14
 702     317950542     321746958      7020
 709        200099        204901       210
 720           432           720        24
 721       3806880       3842209       721
 723        117813        122187       180
 725          2475        122525       350
 726          5082         18150       132
 731         35475        123539       344
 732     214172508     214242492      2340
 735           588           735        21
 741      38378613      52036725      5928
 750         89250        126750       300
 751     180420240     243144511     12767
 756        398412        472500       504
 759      52497753      53300775      3036
 760      24349640      24898360      2280
 761        639999        640001        40
 765           693           765        18
 775        558000       1302775      1085
 776           520           776        24
 777         11193         19425       126
 783         94068        489375       693
 791           105           791        28
 793          9457         19825       132
 798    1915837602    2169922398     31920
 806     676787722    1330887350     33852
 821     671376957     672419525      6118
 828      34358688      34796700      2346
 832         20672         20800        48
 840         34440        706440       840
 845           507           845        26
 847         20328         21175        77
 850           750           850        20
 855        246753        247095       114
 860        405232        723260       774
 864          6048         21600       144
 866     302700130     304528034      5772
 870           858           870        12
 871    1748570556    1748871319      5695
 876           660           876        24
 879         21948         21975        33
 880         20592         22000        88
 884      11132212      30254900      5304
 889     314172600     388422769     15113
 890        142410        150410       220
 895      20320617      25562095      3938
 896       3326848       3785600      1344
 901        145485        152269       212
 904        195720        261256       416
 905            95           905        30
 910           462           910        28
 915           165           915        30
 924       1891428       3903900      1848
 925        777923        777925        42
 935        268840        270215       165
 943        764313        793063       460
 949           301           949        30
 951           924           951        15
 956      27303360      27304316       478
 957     599848557     702867693     19140
 959       8976240       9023231       959
 960           768           960        24
 966     258077526     274429974      9660
 975           375           975        30
 976     102848048     193272400     12792
 980           588           980        28
 981         18693         24525       126
 985        133660        166465       315
 985           577        166465       408
 990       9306990      10098990      1980
 995       7879803       7881395       398
 999           945           999        18
----
